00000000000000000000000000000011
00000000000000000000000000010011
00000000000000000000000000000000
00000000000000000000000000100000
10000000000010001000000000001000
10000000000010001000000000001000
10000000000010001000000000001000
10000000000010001000000000001000
10000000000010001000000000001000
10000000000010001000000000001000
10000000000010001001000000010000
10000000000010001000000000001000
10000000000010001000000000001000
10000000000010001000000000001000
10000000000010001000000000001000
10000000000010001000000000001000
10000000000010001000000000001000
10000000000010001000000000001000
10000000000010001000000000001000
10000000000010001000000000001000
00000000000000000000000000010011
00000000000000000000000000000001
00000000000000000000000000100000
10010000000010001000000000001000
10010000000010001000000000001000
10010000000010001000000000001000
10010000000010001000000000001000
10010000000010001000000000001000
10010000000010001000000000001000
10010000000010001000000000001000
10010000000010001000000000001000
10010000000010001000000000001000
10010000000010001000000000001000
10010000000010001000000000001000
10010000000010001000000000001000
10010000000010001000000000001000
10010000000010001000000000001000
10010000000010001000000000001000
10010000000010001000000000001000
00000000000000000000000000010011
00000000000000000000000000000010
00000000000000000000000000100000
10010000000010001000000000001000
10010000000010001000000000001000
10010000000010001000000000001000
10010000000010001000000000001000
10010000000010001000000000001000
10010000000010001000000000001000
10010000000010001000000000001000
10010000000010001000000000001000
10010000000010001000000000001000
10010000000010001000000000001000
10010000000010001000000000001000
10010000000010001000000000001000
10010000000010001000000000001000
10010000000010001000000000001000
10010000000010001000000000001000
10010000000010001000000000001000
